0 0.478589 0.751163 0.172178 0.234845
0 0.800156 0.693881 0.167109 0.219573
0 0.812183 0.850442 0.170908 0.196672
0 0.787495 0.938108 0.202568 0.123785
0 0.829272 0.261429 0.194971 0.316937
0 0.881812 0.500088 0.158252 0.244389
0 0.799526 0.102077 0.186104 0.204153
0 0.631143 0.115368 0.137988 0.227202
0 0.423516 0.104934 0.175977 0.209867
0 0.279819 0.201281 0.121533 0.223387
0 0.373506 0.252835 0.116465 0.204286
0 0.279824 0.346392 0.098750 0.116465
0 0.334258 0.445670 0.027852 0.139381
0 0.232344 0.433255 0.137988 0.148925
0 0.190566 0.592688 0.148125 0.219573
0 0.319697 0.736834 0.140527 0.244389
0 0.178540 0.794116 0.121533 0.168027
0 0.127900 0.812253 0.083555 0.162297
0 0.102578 0.679558 0.055703 0.129838
0 0.148154 0.247106 0.162051 0.253947
0 0.232979 0.085773 0.141797 0.126009
0 0.071558 0.412261 0.102549 0.271119
