0 0.313638 0.629496 0.085400 0.099016
0 0.366045 0.543686 0.112578 0.112204
0 0.428809 0.465305 0.113867 0.120473
0 0.516802 0.497484 0.082822 0.112204
0 0.602856 0.450455 0.078936 0.113861
0 0.548506 0.400125 0.065996 0.108917
0 0.454688 0.414975 0.108691 0.108904
0 0.492866 0.343194 0.099639 0.100660
0 0.672085 0.355573 0.095752 0.118817
0 0.720610 0.190554 0.120342 0.128705
0 0.614497 0.197154 0.104814 0.079215
0 0.666909 0.259857 0.116455 0.112217
0 0.548506 0.255729 0.097051 0.103960
0 0.581504 0.301115 0.090586 0.112217
