0 0.746086 0.275344 0.080797 0.117031
0 0.661445 0.259539 0.091641 0.106922
0 0.607984 0.193672 0.103094 0.089750
0 0.549758 0.264313 0.089734 0.112656
0 0.604164 0.447602 0.087828 0.127922
0 0.586984 0.305367 0.084000 0.106922
0 0.722406 0.189664 0.139313 0.118422
0 0.672898 0.359781 0.072547 0.131750
0 0.311094 0.627086 0.085906 0.089734
0 0.369320 0.545937 0.110734 0.099281
0 0.428516 0.471469 0.103094 0.118375
0 0.525883 0.498203 0.087828 0.133656
0 0.448562 0.410375 0.101187 0.110750
0 0.496297 0.340688 0.097375 0.112656
0 0.551664 0.392242 0.089734 0.127922
