0 0.804047 0.086383 0.117500 0.096984
0 0.404000 0.698109 0.111906 0.089531
0 0.334055 0.696250 0.102578 0.123094
0 0.431969 0.644023 0.130562 0.100703
0 0.346180 0.600195 0.082047 0.083922
0 0.392805 0.535852 0.115641 0.078328
0 0.447828 0.590875 0.106312 0.098844
0 0.519625 0.603922 0.115625 0.117500
0 0.542938 0.546109 0.128688 0.117500
0 0.440367 0.495750 0.121234 0.106313
0 0.596086 0.506008 0.108172 0.078328
0 0.539211 0.472438 0.080203 0.093250
0 0.475797 0.431406 0.106312 0.082063
0 0.530813 0.401578 0.145469 0.093250
0 0.650180 0.357742 0.111891 0.098859
0 0.583969 0.359609 0.083938 0.069000
0 0.601695 0.294328 0.067141 0.087656
0 0.665094 0.290602 0.111906 0.102578
0 0.722914 0.408102 0.070859 0.121234
0 0.730375 0.331633 0.096969 0.102578
0 0.792859 0.281281 0.117500 0.076469
0 0.728508 0.226258 0.089516 0.085797
0 0.742500 0.143266 0.136156 0.087656
0 0.880516 0.030430 0.117500 0.059672
0 0.911281 0.079859 0.126812 0.087656
0 0.278102 0.762453 0.124953 0.087656
