0 0.946719 0.129281 0.074594 0.074594
0 0.845078 0.319508 0.139875 0.111891
0 0.941656 0.276617 0.116687 0.138016
0 0.931797 0.392250 0.126812 0.134281
0 0.920609 0.466852 0.134281 0.130547
0 0.819898 0.399703 0.119359 0.100719
0 0.746227 0.371727 0.102578 0.096984
0 0.695867 0.437938 0.113766 0.095125
0 0.798453 0.503211 0.139875 0.124953
0 0.620336 0.478031 0.100703 0.070875
0 0.678156 0.533984 0.123094 0.082062
0 0.764875 0.585281 0.128688 0.098844
0 0.566250 0.544250 0.134281 0.098844
0 0.651109 0.611391 0.162250 0.110031
0 0.535477 0.625375 0.102578 0.111906
0 0.610078 0.683195 0.173437 0.119359
0 0.498180 0.707437 0.102578 0.111906
0 0.447828 0.617914 0.110031 0.093266
0 0.416117 0.694383 0.121234 0.100703
0 0.976156 0.053742 0.047687 0.095109
0 0.934602 0.192695 0.113766 0.067141
