0 0.589570 0.415555 0.132422 0.102578
0 0.516828 0.458453 0.083937 0.069000
0 0.583039 0.485492 0.111891 0.108172
0 0.665102 0.533992 0.096984 0.085797
0 0.509375 0.526523 0.098844 0.096984
0 0.431977 0.567562 0.055953 0.059687
0 0.492586 0.606719 0.102578 0.093250
0 0.749023 0.150719 0.111891 0.098844
0 0.397469 0.630969 0.102562 0.093250
0 0.483258 0.694383 0.151078 0.089516
0 0.375094 0.717695 0.087656 0.136141
0 0.452484 0.741008 0.138000 0.100703
0 0.321937 0.777375 0.111906 0.106312
0 0.260391 0.767109 0.070875 0.082063
0 0.569977 0.641227 0.096984 0.091391
0 0.753688 0.232789 0.091375 0.091391
0 0.851602 0.285938 0.085797 0.082062
0 0.683750 0.380125 0.111906 0.095125
0 0.694937 0.464984 0.111906 0.082063
